DateTime,Date,Phase,IdLabel,Group,unitLabel,eventDuration,senseRFIDrecords,MsgValue1,Day,DateTime_end,DoubleRead
2020-08-29T00:01:48.487002Z,2020-08-29,light,18289G,All,R2-7,2183,19,"0,114,116,117,115,116,116,114,116,117,116,115,116,116,114,116,117,116,216",6,2020-08-29T00:01:50.670002Z,0
2020-08-29T00:01:52.695995Z,2020-08-29,light,18289G,All,R2-7,1621,14,"0,216,115,115,117,116,115,117,115,116,114,117,116,132",6,2020-08-29T00:01:54.316995Z,0
2020-08-29T00:02:12.695004Z,2020-08-29,light,18289G,All,R2-9,1273,12,"0,116,114,116,115,116,116,116,116,115,117,116",6,2020-08-29T00:02:13.968004Z,0
2020-08-29T00:02:14.585998Z,2020-08-29,light,18289G,All,R2-8,75,1,0,6,2020-08-29T00:02:14.660998Z,0
2020-08-29T00:02:17.782002Z,2020-08-29,light,18289G,All,R2-9,533,3,"0,417,116",6,2020-08-29T00:02:18.315002Z,0
2020-08-29T00:05:10.471004Z,2020-08-29,light,18289G,All,R2-7,75,1,0,6,2020-08-29T00:05:10.546005Z,0
2020-08-29T00:05:14.388Z,2020-08-29,light,18289G,All,R2-7,75,1,0,6,2020-08-29T00:05:14.463Z,0
2020-08-29T00:05:15.504004Z,2020-08-29,light,18289G,All,R2-7,663,5,"0,315,115,118,115",6,2020-08-29T00:05:16.167004Z,0
2020-08-29T00:05:30.881001Z,2020-08-29,light,18289G,All,R2-7,564,5,"0,217,116,115,116",6,2020-08-29T00:05:31.445Z,0
2020-08-29T00:06:09.264001Z,2020-08-29,light,18289G,All,R2-7,75,1,0,6,2020-08-29T00:06:09.339001Z,0
2020-08-29T00:06:11.178997Z,2020-08-29,light,18289G,All,R2-7,216,2,"0,216",6,2020-08-29T00:06:11.394997Z,0
2020-08-29T00:07:30.716002Z,2020-08-29,light,18289G,All,R2-7,75,1,0,6,2020-08-29T00:07:30.791003Z,0
2020-08-29T00:08:00.862Z,2020-08-29,light,18289G,All,R2-7,1158,11,"0,116,116,116,115,116,116,116,115,116,116",6,2020-08-29T00:08:02.020Z,0
2020-08-29T00:08:07.259003Z,2020-08-29,light,18289G,All,R2-3,694,7,"0,115,116,116,115,116,116",6,2020-08-29T00:08:07.953003Z,0
2020-08-29T00:08:55.535996Z,2020-08-29,light,18289G,All,R2-3,75,1,0,6,2020-08-29T00:08:55.610996Z,0
2020-08-29T00:08:57.170996Z,2020-08-29,light,18289G,All,R2-1,464,5,"0,116,116,116,116",6,2020-08-29T00:08:57.634996Z,0
2020-08-29T00:08:58.743001Z,2020-08-29,light,18289G,All,R2-2,5147,44,"0,84,116,117,115,115,116,116,116,116,115,117,114,116,116,117,114,116,117,115,116,116,115,116,115,117,116,116,115,115,117,115,217,116,114,116,216,115,117,115,116,117,115,116",6,2020-08-29T00:09:03.890001Z,0
2020-08-29T00:16:16.391997Z,2020-08-29,light,18289G,All,R2-4,2068,18,"0,213,118,115,117,114,116,116,116,117,114,116,135,95,117,116,117,116",6,2020-08-29T00:16:18.459997Z,0
2020-08-29T00:16:20.506002Z,2020-08-29,light,18289G,All,R2-8,695,7,"0,117,114,117,116,114,117",6,2020-08-29T00:16:21.201002Z,0
2020-08-29T00:16:44.081002Z,2020-08-29,light,18289G,All,R2-9,579,6,"0,117,116,115,116,115",6,2020-08-29T00:16:44.660002Z,0
2020-08-29T00:16:58.940999Z,2020-08-29,light,18289G,All,R2-7,1450,13,"0,77,115,117,115,116,114,116,117,115,115,115,218",6,2020-08-29T00:17:00.390999Z,0
2020-08-29T00:17:03.517995Z,2020-08-29,light,18289G,All,R2-5,1957,11,"0,215,115,816,117,114,117,115,116,115,117",6,2020-08-29T00:17:05.474995Z,0
2020-08-29T00:17:07.429004Z,2020-08-29,light,18289G,All,R2-6,1042,10,"0,116,117,116,115,116,115,115,117,115",6,2020-08-29T00:17:08.471004Z,0
2020-08-29T00:17:40.238998Z,2020-08-29,light,18289G,All,R2-8,2083,19,"0,115,116,116,116,115,116,116,116,147,85,115,117,114,116,116,116,116,115",6,2020-08-29T00:17:42.321998Z,0
2020-08-29T00:17:53.467996Z,2020-08-29,light,18289G,All,R2-9,348,4,"0,116,116,116",6,2020-08-29T00:17:53.815996Z,0
2020-08-29T00:19:16.974002Z,2020-08-29,light,18289G,All,R2-7,1373,12,"0,215,115,117,116,115,118,113,117,116,116,115",6,2020-08-29T00:19:18.347002Z,0
2020-08-29T00:19:19.959001Z,2020-08-29,light,18289G,All,R2-3,1041,10,"0,115,117,115,116,115,117,115,116,115",6,2020-08-29T00:19:21.000001Z,0
2020-08-29T00:19:30.026001Z,2020-08-29,light,18289G,All,R2-1,348,4,"0,115,115,118",6,2020-08-29T00:19:30.374001Z,0
2020-08-29T00:19:43.145996Z,2020-08-29,light,18289G,All,R1-5,811,8,"0,116,116,115,116,117,116,115",6,2020-08-29T00:19:43.956996Z,0
2020-08-29T00:20:43.281001Z,2020-08-29,light,18289G,All,R1-7,2645,23,"0,216,115,116,115,116,117,114,116,117,116,114,117,116,117,113,117,116,114,117,116,116,114",6,2020-08-29T00:20:45.926001Z,0
2020-08-29T00:21:11.328999Z,2020-08-29,light,18289G,All,R1-9,3064,24,"0,116,117,115,115,116,115,118,115,116,115,117,114,116,117,116,115,115,116,116,116,515,116,117",6,2020-08-29T00:21:14.392998Z,0
2020-08-29T00:24:26.723004Z,2020-08-29,light,18289G,All,R1-9,563,5,"0,217,115,116,115",6,2020-08-29T00:24:27.286004Z,0
2020-08-29T00:24:28.601997Z,2020-08-29,light,18289G,All,R1-9,75,1,0,6,2020-08-29T00:24:28.676997Z,0
2020-08-29T00:24:30.718002Z,2020-08-29,light,18289G,All,R1-9,75,1,0,6,2020-08-29T00:24:30.793002Z,0
2020-08-29T00:24:31.999997Z,2020-08-29,light,18289G,All,R1-8,2084,19,"0,116,115,116,115,117,115,115,117,116,116,115,116,115,116,115,117,115,117",6,2020-08-29T00:24:34.083997Z,0
2020-08-29T00:24:42.599998Z,2020-08-29,light,18289G,All,R1-4,2531,22,"0,216,116,116,116,115,117,115,116,116,114,117,115,116,115,116,116,116,117,115,133,98",6,2020-08-29T00:24:45.130998Z,0
2020-08-29T00:24:55.195002Z,2020-08-29,light,18289G,All,R1-2,794,7,"0,214,117,116,116,116,115",6,2020-08-29T00:24:55.989002Z,0
2020-08-29T00:29:56.342002Z,2020-08-29,light,18289G,All,R1-3,1525,9,"0,215,616,117,116,116,115,115,115",6,2020-08-29T00:29:57.867002Z,0
2020-08-29T00:30:00.821999Z,2020-08-29,light,18289G,All,R1-2,3241,29,"0,116,115,118,114,116,116,117,114,116,115,117,117,115,114,117,116,116,116,116,114,116,116,116,115,116,117,115,115",6,2020-08-29T00:30:04.062999Z,0
2020-08-29T00:30:08.832005Z,2020-08-29,light,18289G,All,R1-4,1158,11,"0,116,117,114,117,115,117,115,115,117,115",6,2020-08-29T00:30:09.990005Z,0
2020-08-29T00:30:15.710999Z,2020-08-29,light,18289G,All,R1-8,1388,13,"0,116,116,115,117,115,115,117,115,115,117,115,115",6,2020-08-29T00:30:17.099Z,0
2020-08-29T00:31:51.228998Z,2020-08-29,light,18289G,All,R1-9,464,5,"0,116,115,115,118",6,2020-08-29T00:31:51.692998Z,0
2020-08-29T00:32:00.620998Z,2020-08-29,light,18289G,All,R1-7,694,7,"0,117,115,116,115,115,116",6,2020-08-29T00:32:01.314998Z,0
2020-08-29T00:32:04.083997Z,2020-08-29,light,18289G,All,R1-3,2779,25,"0,116,115,116,115,117,116,115,116,115,115,117,116,117,115,116,115,116,116,115,116,117,114,116,117",6,2020-08-29T00:32:06.862997Z,0
2020-08-29T00:32:17.225998Z,2020-08-29,light,18289G,All,R1-2,4166,37,"0,115,114,118,115,116,116,114,117,117,114,116,117,114,117,116,114,117,117,114,116,117,114,116,117,116,116,115,115,115,116,117,114,117,115,117,115",6,2020-08-29T00:32:21.391998Z,0
2020-08-29T00:32:28.276999Z,2020-08-29,light,18289G,All,R1-4,1064,5,"0,216,517,214,117",6,2020-08-29T00:32:29.340998Z,0
2020-08-29T00:32:40.506002Z,2020-08-29,light,18289G,All,R1-2,761,3,"0,516,245",6,2020-08-29T00:32:41.267002Z,0
2020-08-29T00:32:50.055Z,2020-08-29,light,18289G,All,R1-4,1374,12,"0,216,115,116,117,115,115,118,115,114,117,116",6,2020-08-29T00:32:51.429Z,0
2020-08-29T00:33:12.304002Z,2020-08-29,light,18289G,All,R1-2,1837,16,"0,216,117,116,115,117,114,117,115,116,117,115,115,115,127,105",6,2020-08-29T00:33:14.141002Z,0
2020-08-29T00:33:21.592996Z,2020-08-29,light,18289G,All,R1-2,2084,19,"0,117,116,115,116,116,116,116,115,115,117,116,114,139,92,117,116,116,115",6,2020-08-29T00:33:23.676996Z,0
2020-08-29T00:33:27.614998Z,2020-08-29,light,18289G,All,R1-4,1506,14,"0,115,118,114,116,117,115,115,117,115,116,115,116,117",6,2020-08-29T00:33:29.120998Z,0
2020-08-29T00:33:32.061997Z,2020-08-29,light,18289G,All,R1-8,1043,10,"0,144,89,114,118,114,116,117,114,117",6,2020-08-29T00:33:33.104997Z,0
2020-08-29T00:33:33.737Z,2020-08-29,light,18289G,All,R1-9,115,2,"0,115",6,2020-08-29T00:33:33.852Z,0
2020-08-29T00:33:47.562996Z,2020-08-29,light,18289G,All,R1-7,1489,13,"0,216,115,115,116,115,117,116,115,117,115,116,116",6,2020-08-29T00:33:49.051996Z,0
2020-08-29T00:33:52.822Z,2020-08-29,light,18289G,All,R1-5,347,4,"0,116,117,114",6,2020-08-29T00:33:53.168999Z,0
2020-08-29T00:34:07.292004Z,2020-08-29,light,18289G,All,R2-1,5194,45,"0,217,115,116,115,115,118,114,116,117,115,116,115,117,115,116,116,116,115,116,116,117,114,115,118,115,116,116,115,115,115,118,115,115,117,114,116,117,116,115,116,115,116,117,115",6,2020-08-29T00:34:12.486004Z,0
2020-08-29T00:34:30.248Z,2020-08-29,light,18289G,All,R2-1,1294,7,"0,216,116,616,115,116,115",6,2020-08-29T00:34:31.542Z,0
2020-08-29T00:34:33.997Z,2020-08-29,light,18289G,All,R2-2,1159,11,"0,116,117,116,115,115,117,135,95,116,117",6,2020-08-29T00:34:35.156Z,0
2020-08-29T00:34:42.870996Z,2020-08-29,light,18289G,All,R2-2,1274,12,"0,115,116,117,114,117,114,117,116,114,117,117",6,2020-08-29T00:34:44.144996Z,0
2020-08-29T00:34:53.472Z,2020-08-29,light,18289G,All,R1-6,4514,40,"0,116,115,116,116,115,116,115,118,115,115,116,115,115,118,115,116,115,116,115,116,117,139,92,116,115,116,115,116,116,117,116,114,117,116,115,115,116,117,115",6,2020-08-29T00:34:57.986Z,0
2020-08-29T00:35:02.191004Z,2020-08-29,light,18289G,All,R1-8,463,5,"0,114,117,116,116",6,2020-08-29T00:35:02.654004Z,0
2020-08-29T00:35:11.784998Z,2020-08-29,light,18289G,All,R1-9,315,2,"0,315",6,2020-08-29T00:35:12.099998Z,0
2020-08-29T00:35:13.416999Z,2020-08-29,light,18289G,All,R1-9,332,3,"0,216,116",6,2020-08-29T00:35:13.748999Z,0
2020-08-29T00:35:14.769003Z,2020-08-29,light,18289G,All,R1-8,2084,19,"0,116,115,116,115,115,118,115,117,115,115,116,116,115,116,115,118,115,116",6,2020-08-29T00:35:16.853003Z,0
2020-08-29T00:38:21.091002Z,2020-08-29,light,18289G,All,R1-4,414,2,"0,414",6,2020-08-29T00:38:21.505002Z,0
2020-08-29T00:38:52.104999Z,2020-08-29,light,18289G,All,R1-6,908,8,"0,216,114,117,114,117,116,114",6,2020-08-29T00:38:53.012999Z,0
2020-08-29T00:38:54.183999Z,2020-08-29,light,18289G,All,R1-5,1620,15,"0,114,126,107,115,116,115,116,117,114,116,117,116,115,116",6,2020-08-29T00:38:55.803999Z,0
2020-08-29T00:39:00.168001Z,2020-08-29,light,18289G,All,R1-7,927,9,"0,115,116,116,115,117,115,116,117",6,2020-08-29T00:39:01.095001Z,0
2020-08-29T00:39:03.772999Z,2020-08-29,light,18289G,All,R1-9,1042,10,"0,116,117,114,117,116,114,118,115,115",6,2020-08-29T00:39:04.814999Z,0
2020-08-29T00:42:20.015998Z,2020-08-29,light,18289G,All,R1-8,3241,29,"0,117,114,117,116,116,115,115,116,117,114,117,115,116,115,118,115,116,115,116,115,116,117,114,116,116,116,115,116",6,2020-08-29T00:42:23.256998Z,0
2020-08-29T00:42:30.476998Z,2020-08-29,light,18289G,All,R1-4,3589,32,"0,116,115,115,116,116,117,116,115,116,116,115,116,116,115,115,118,115,115,116,116,115,117,116,115,117,114,116,117,115,116,116",6,2020-08-29T00:42:34.065998Z,0
2020-08-29T00:42:37.649002Z,2020-08-29,light,18289G,All,R1-2,927,9,"0,118,115,115,115,117,116,114,117",6,2020-08-29T00:42:38.576002Z,0
2020-08-29T00:43:35.514002Z,2020-08-29,light,18289G,All,R1-2,1621,15,"0,116,115,116,116,115,115,118,115,116,115,116,115,116,117",6,2020-08-29T00:43:37.135002Z,0
2020-08-29T00:45:50.626996Z,2020-08-29,light,18289G,All,R1-4,564,5,"0,216,118,115,115",6,2020-08-29T00:45:51.190996Z,0
2020-08-29T00:45:55.930997Z,2020-08-29,light,18289G,All,R1-2,1243,10,"0,316,116,115,117,115,116,116,115,117",6,2020-08-29T00:45:57.173997Z,0
2020-08-29T00:46:02.962005Z,2020-08-29,light,18289G,All,R1-3,3425,28,"0,115,117,114,117,115,116,117,114,117,115,115,116,116,116,116,116,116,116,115,116,116,114,117,115,417,116,115",6,2020-08-29T00:46:06.387005Z,0
2020-08-29T00:46:07.778001Z,2020-08-29,light,18289G,All,R1-7,1157,11,"0,116,115,117,114,118,115,115,116,116,115",6,2020-08-29T00:46:08.935001Z,0
2020-08-29T00:46:10.530998Z,2020-08-29,light,18289G,All,R1-9,1852,17,"0,114,117,116,116,116,113,116,116,116,116,116,116,115,117,116,116",6,2020-08-29T00:46:12.382998Z,0
2020-08-29T00:46:13.483001Z,2020-08-29,light,18289G,All,R1-8,1126,9,"0,116,116,116,116,115,116,117,314",6,2020-08-29T00:46:14.609001Z,0
2020-08-29T00:49:46.286003Z,2020-08-29,light,18289G,All,R1-4,1390,13,"0,116,115,116,115,116,116,116,117,115,116,116,116",6,2020-08-29T00:49:47.676003Z,0
2020-08-29T00:49:51.525999Z,2020-08-29,light,18289G,All,R1-2,979,6,"0,515,115,116,116,117",6,2020-08-29T00:49:52.504999Z,0
2020-08-29T00:50:06.761999Z,2020-08-29,light,18289G,All,R1-3,75,1,0,6,2020-08-29T00:50:06.836999Z,0
2020-08-29T00:50:14.424003Z,2020-08-29,light,18289G,All,R1-2,2316,21,"0,115,115,116,118,115,116,116,116,115,115,115,117,115,116,133,98,117,116,115,117",6,2020-08-29T00:50:16.740003Z,0
2020-08-29T00:50:23.319004Z,2020-08-29,light,18289G,All,R1-4,1159,11,"0,117,115,115,118,115,115,117,128,102,117",6,2020-08-29T00:50:24.478004Z,0
2020-08-29T00:50:28.549997Z,2020-08-29,light,18289G,All,R1-8,3715,21,"0,216,115,217,415,216,115,117,117,114,116,116,116,215,316,116,116,116,616,115,115",6,2020-08-29T00:50:32.264997Z,0
2020-08-29T01:01:39.881003Z,2020-08-29,light,18289G,All,R1-4,910,8,"0,213,117,117,114,118,115,116",6,2020-08-29T01:01:40.791003Z,0
2020-08-29T02:14:05.662003Z,2020-08-29,light,18289G,All,R1-6,216,2,"0,216",6,2020-08-29T02:14:05.878003Z,0
2020-08-29T02:14:12.893001Z,2020-08-29,light,18289G,All,R1-6,75,1,0,6,2020-08-29T02:14:12.968001Z,0
2020-08-29T02:17:39.167005Z,2020-08-29,light,18289G,All,R1-4,780,6,"0,216,116,116,116,216",6,2020-08-29T02:17:39.947005Z,0
2020-08-29T02:17:50.961002Z,2020-08-29,light,18289G,All,R1-4,1853,17,"0,115,118,113,118,116,115,115,117,115,115,117,115,115,117,115,117",6,2020-08-29T02:17:52.814002Z,0
2020-08-29T02:19:47.123002Z,2020-08-29,light,18289G,All,R1-4,75,1,0,6,2020-08-29T02:19:47.198002Z,0
2020-08-29T02:19:49.788002Z,2020-08-29,light,18289G,All,R1-2,678,6,"0,216,115,117,115,115",6,2020-08-29T02:19:50.466002Z,0
2020-08-29T02:19:56.002002Z,2020-08-29,light,18289G,All,R1-3,694,7,"0,115,117,115,115,117,115",6,2020-08-29T02:19:56.696002Z,0
2020-08-29T03:10:48.361999Z,2020-08-29,light,18289G,All,R1-7,447,4,"0,215,117,115",6,2020-08-29T03:10:48.808999Z,0
2020-08-29T03:10:50.012999Z,2020-08-29,light,18289G,All,R1-5,232,3,"0,115,117",6,2020-08-29T03:10:50.244999Z,0
2020-08-29T03:10:50.647002Z,2020-08-29,light,18289G,All,R1-6,231,3,"0,116,115",6,2020-08-29T03:10:50.878002Z,0
2020-08-29T03:10:51.658997Z,2020-08-29,light,18289G,All,R1-4,926,9,"0,116,116,114,116,117,116,115,116",6,2020-08-29T03:10:52.584997Z,0
2020-08-29T03:17:45.455001Z,2020-08-29,light,18289G,All,R1-4,1489,13,"0,217,115,117,114,116,116,115,117,115,116,115,116",6,2020-08-29T03:17:46.944001Z,0
2020-08-29T03:17:48.372003Z,2020-08-29,light,18289G,All,R1-8,1274,12,"0,115,116,115,117,115,116,115,117,116,115,117",6,2020-08-29T03:17:49.646003Z,0
2020-08-29T03:17:50.613997Z,2020-08-29,light,18289G,All,R1-9,1720,15,"0,215,117,114,117,115,117,114,117,115,116,115,117,115,116",6,2020-08-29T03:17:52.333997Z,0
2020-08-29T03:18:08.750998Z,2020-08-29,light,18289G,All,R1-7,695,7,"0,117,115,116,115,117,115",6,2020-08-29T03:18:09.445998Z,0
2020-08-29T03:39:43.314996Z,2020-08-29,light,18289G,All,R1-7,1142,10,"0,216,116,116,115,116,115,117,115,116",6,2020-08-29T03:39:44.456996Z,0
2020-08-29T03:40:07.656001Z,2020-08-29,light,18289G,All,R1-9,578,6,"0,116,115,115,117,115",6,2020-08-29T03:40:08.234001Z,0
2020-08-29T03:41:55.614002Z,2020-08-29,light,18289G,All,R1-8,811,8,"0,117,114,117,115,117,115,116",6,2020-08-29T03:41:56.425002Z,0
2020-08-29T03:41:57.424998Z,2020-08-29,light,18289G,All,R1-4,2529,22,"0,213,117,115,117,115,117,114,117,115,116,115,116,117,115,116,116,115,115,117,116,115",6,2020-08-29T03:41:59.953998Z,0
2020-08-29T03:42:33.485999Z,2020-08-29,light,18289G,All,R1-2,2381,17,"0,216,116,115,117,115,116,115,116,517,115,115,117,115,116,115,145",6,2020-08-29T03:42:35.866999Z,0
2020-08-29T03:44:48.244001Z,2020-08-29,light,18289G,All,R1-3,1041,10,"0,115,116,115,115,117,115,116,115,117",6,2020-08-29T03:44:49.285001Z,0
2020-08-29T03:44:55.045997Z,2020-08-29,light,18289G,All,R1-5,3611,27,"0,217,115,116,116,115,417,115,117,114,117,115,115,117,115,316,117,114,116,116,116,115,117,116,116,115,116",6,2020-08-29T03:44:58.656997Z,0
2020-08-29T03:45:00.464003Z,2020-08-29,light,18289G,All,R1-6,1273,12,"0,117,116,114,117,116,115,116,116,115,116,115",6,2020-08-29T03:45:01.737003Z,0
2020-08-29T04:08:24.884002Z,2020-08-29,light,18289G,All,R1-8,75,1,0,6,2020-08-29T04:08:24.959002Z,0
2020-08-29T04:31:15.366002Z,2020-08-29,light,18289G,All,R1-8,2299,20,"0,216,116,116,116,115,115,117,116,115,115,149,83,117,115,115,116,116,116,115",6,2020-08-29T04:31:17.665002Z,0
2020-08-29T04:31:21.781004Z,2020-08-29,light,18289G,All,R1-8,810,8,"0,116,115,116,116,117,115,115",6,2020-08-29T04:31:22.591004Z,0
2020-08-29T04:31:29.036997Z,2020-08-29,light,18289G,All,R1-4,2648,23,"0,216,116,116,116,116,115,133,100,114,117,114,118,115,115,117,114,116,117,115,116,117,115",6,2020-08-29T04:31:31.684997Z,0
2020-08-29T04:31:33.172999Z,2020-08-29,light,18289G,All,R1-2,909,8,"0,215,118,114,115,118,115,114",6,2020-08-29T04:31:34.081999Z,0
2020-08-29T04:31:36.978998Z,2020-08-29,light,18289G,All,R1-3,695,7,"0,115,115,116,116,116,117",6,2020-08-29T04:31:37.673998Z,0
2020-08-29T04:31:42.415Z,2020-08-29,light,18289G,All,R1-5,5556,49,"0,116,116,115,116,116,114,118,115,115,117,115,115,118,114,115,117,115,117,116,115,117,115,115,117,115,115,117,116,115,115,117,115,116,116,116,116,115,116,115,116,116,116,116,115,115,118,114,116",6,2020-08-29T04:31:47.971Z,0
2020-08-29T04:31:49.286998Z,2020-08-29,light,18289G,All,R1-5,2084,19,"0,116,116,116,115,116,116,115,116,116,116,116,116,116,114,116,116,116,116",6,2020-08-29T04:31:51.370998Z,0
2020-08-29T04:31:52.722002Z,2020-08-29,light,18289G,All,R1-6,5887,51,"0,114,116,117,126,104,117,115,117,115,116,115,116,116,115,117,115,115,117,115,115,118,115,115,116,115,117,116,115,117,142,88,116,117,115,117,115,115,115,116,117,115,117,115,116,116,115,116,116,116,215",6,2020-08-29T04:31:58.609002Z,0
2020-08-29T04:35:23.307997Z,2020-08-29,light,18289G,All,R1-4,5774,50,"0,216,117,115,115,117,114,116,116,117,115,116,116,116,117,113,140,93,116,115,115,116,117,115,116,115,117,114,117,116,115,115,117,116,115,116,116,116,115,116,116,116,116,115,117,116,115,116,116,116",6,2020-08-29T04:35:29.081997Z,0
2020-08-29T04:35:31.796001Z,2020-08-29,light,18289G,All,R1-4,1926,9,"0,216,117,114,117,216,216,315,615",6,2020-08-29T04:35:33.722002Z,0
2020-08-29T04:35:35.538003Z,2020-08-29,light,18289G,All,R1-4,432,3,"0,216,216",6,2020-08-29T04:35:35.970003Z,0
2020-08-29T05:06:50.334998Z,2020-08-29,light,18289G,All,R1-8,75,1,0,6,2020-08-29T05:06:50.409998Z,0
2020-08-29T05:06:59.043004Z,2020-08-29,light,18289G,All,R1-4,2978,26,"0,198,116,116,116,116,115,117,116,114,117,116,115,116,117,114,117,115,116,115,116,116,116,116,116,116",6,2020-08-29T05:07:02.021003Z,0
2020-08-29T05:09:39.728998Z,2020-08-29,light,18289G,All,R1-2,1705,14,"0,315,116,116,115,117,115,115,117,115,116,116,116,116",6,2020-08-29T05:09:41.433998Z,0
2020-08-29T05:09:47.978996Z,2020-08-29,light,18289G,All,R1-3,2298,20,"0,114,117,115,115,117,115,116,116,116,116,115,115,117,115,133,99,116,115,216",6,2020-08-29T05:09:50.276996Z,0
2020-08-29T05:09:54.725999Z,2020-08-29,light,18289G,All,R1-7,75,1,0,6,2020-08-29T05:09:54.800999Z,0
2020-08-29T05:09:58.754002Z,2020-08-29,light,18289G,All,R1-5,680,6,"0,216,116,116,115,117",6,2020-08-29T05:09:59.434002Z,0
2020-08-29T05:10:01.798997Z,2020-08-29,light,18289G,All,R1-6,2068,18,"0,216,117,114,118,114,116,116,117,115,116,115,117,115,116,115,116,115",6,2020-08-29T05:10:03.866997Z,0
2020-08-29T05:10:04.983001Z,2020-08-29,light,18289G,All,R1-6,1258,11,"0,216,117,115,117,115,116,115,115,116,116",6,2020-08-29T05:10:06.241001Z,0
2020-08-29T05:10:22.872Z,2020-08-29,light,18289G,All,R1-8,1843,10,"0,217,115,115,116,117,115,115,116,817",6,2020-08-29T05:10:24.715Z,0
2020-08-29T05:10:41.229002Z,2020-08-29,light,18289G,All,R1-8,731,3,"0,616,115",6,2020-08-29T05:10:41.960001Z,0
2020-08-29T05:10:48.777001Z,2020-08-29,light,18289G,All,R1-8,75,1,0,6,2020-08-29T05:10:48.852001Z,0
2020-08-29T05:10:51.591999Z,2020-08-29,light,18289G,All,R1-8,75,1,0,6,2020-08-29T05:10:51.666999Z,0
2020-08-29T05:11:03.408003Z,2020-08-29,light,18289G,All,R1-8,662,5,"0,316,114,117,115",6,2020-08-29T05:11:04.070003Z,0
2020-08-29T05:11:05.486001Z,2020-08-29,light,18289G,All,R1-8,75,1,0,6,2020-08-29T05:11:05.561001Z,0
2020-08-29T05:11:06.900999Z,2020-08-29,light,18289G,All,R1-8,1926,9,"0,317,314,216,116,216,115,315,317",6,2020-08-29T05:11:08.826999Z,0
2020-08-29T05:11:33.741998Z,2020-08-29,light,18289G,All,R1-8,331,3,"0,217,114",6,2020-08-29T05:11:34.072998Z,0
2020-08-29T05:14:42.228998Z,2020-08-29,light,18289G,All,R1-8,3937,34,"0,217,115,115,117,114,116,117,116,115,117,115,116,137,94,126,120,120,110,120,110,120,110,120,120,110,120,110,120,110,120,120,110,120",6,2020-08-29T05:14:46.165998Z,0
2020-08-29T05:16:44.801999Z,2020-08-29,light,18289G,All,R1-8,4274,31,"0,215,217,217,214,117,115,115,116,117,114,117,115,116,115,116,117,116,115,116,216,214,117,115,116,116,117,116,115,116,316",6,2020-08-29T05:16:49.075999Z,0
2020-08-29T05:17:22.734002Z,2020-08-29,light,18289G,All,R1-6,2183,19,"0,216,115,116,116,115,116,117,114,116,116,116,117,114,117,116,116,115,115",6,2020-08-29T05:17:24.917002Z,0
2020-08-29T05:17:27.059004Z,2020-08-29,light,18289G,All,R1-5,348,4,"0,116,116,116",6,2020-08-29T05:17:27.407004Z,0
2020-08-29T05:17:34.584003Z,2020-08-29,light,18289G,All,R1-7,1920,15,"0,415,116,116,116,116,116,115,115,116,116,116,116,115,116",6,2020-08-29T05:17:36.504004Z,0
2020-08-29T05:17:39.243002Z,2020-08-29,light,18289G,All,R1-9,926,9,"0,114,118,114,117,115,116,117,115",6,2020-08-29T05:17:40.169002Z,0
2020-08-29T05:21:13.888Z,2020-08-29,light,18289G,All,R1-8,1142,10,"0,216,116,116,116,115,115,117,115,116",6,2020-08-29T05:21:15.029999Z,0
2020-08-29T05:21:15.861003Z,2020-08-29,light,18289G,All,R1-9,678,6,"0,215,117,116,115,115",6,2020-08-29T05:21:16.539003Z,0
2020-08-29T05:21:27.643001Z,2020-08-29,light,18289G,All,R1-7,1261,11,"0,221,109,121,110,120,120,96,149,95,120",6,2020-08-29T05:21:28.904001Z,0
2020-08-29T05:21:39.875997Z,2020-08-29,light,18289G,All,R1-5,115,2,"0,115",6,2020-08-29T05:21:39.990997Z,0
2020-08-29T05:21:43.470003Z,2020-08-29,light,18289G,All,R1-5,1041,10,"0,115,117,115,115,117,115,116,116,115",6,2020-08-29T05:21:44.511003Z,0
2020-08-29T05:21:49.050Z,2020-08-29,light,18289G,All,R1-6,694,7,"0,116,114,117,115,117,115",6,2020-08-29T05:21:49.744Z,0
2020-08-29T06:13:41.824004Z,2020-08-29,light,18289G,All,R1-4,3572,31,"0,214,115,117,116,115,115,117,116,116,114,117,117,114,116,115,118,115,116,114,117,116,115,117,114,117,116,116,116,115,116",6,2020-08-29T06:13:45.396004Z,0
2020-08-29T06:16:39.063997Z,2020-08-29,light,18289G,All,R1-2,1256,11,"0,215,116,116,115,116,116,115,116,117,114",6,2020-08-29T06:16:40.319997Z,0
2020-08-29T06:16:49.931Z,2020-08-29,light,18289G,All,R1-3,1474,12,"0,217,216,115,115,116,117,114,116,117,115,116",6,2020-08-29T06:16:51.405Z,0
2020-08-29T06:16:55.036998Z,2020-08-29,light,18289G,All,R1-7,447,4,"0,214,117,116",6,2020-08-29T06:16:55.483998Z,0
2020-08-29T07:01:30.005Z,2020-08-29,light,18289G,All,R1-3,678,6,"0,216,116,115,116,115",6,2020-08-29T07:01:30.683Z,0
2020-08-29T07:24:03.327002Z,2020-08-29,light,18289G,All,R1-3,331,3,"0,231,100",6,2020-08-29T07:24:03.658002Z,0
2020-08-29T07:41:33.766003Z,2020-08-29,light,18289G,All,R1-3,3242,29,"0,116,115,117,115,116,116,117,115,114,117,116,116,114,117,116,115,116,116,134,97,116,116,117,114,116,116,116,116",6,2020-08-29T07:41:37.008003Z,0
2020-08-29T07:41:40.068001Z,2020-08-29,light,18289G,All,R1-2,5326,47,"0,116,117,115,116,115,116,117,115,116,115,118,115,115,115,116,115,123,110,116,115,115,116,117,116,115,116,116,115,117,116,115,116,114,118,115,115,116,115,116,117,116,115,115,116,117,115",6,2020-08-29T07:41:45.394001Z,0
2020-08-29T07:42:12.874997Z,2020-08-29,light,18289G,All,R1-4,4120,34,"0,414,118,114,117,115,115,116,116,117,114,117,116,115,116,115,116,117,115,115,116,116,115,117,116,115,116,115,117,116,115,116,117,115",6,2020-08-29T07:42:16.994997Z,0
2020-08-29T07:42:18.694995Z,2020-08-29,light,18289G,All,R1-8,809,8,"0,115,115,116,116,115,139,93",6,2020-08-29T07:42:19.503995Z,0
2020-08-29T07:42:22.610998Z,2020-08-29,light,18289G,All,R1-9,1847,16,"0,217,115,116,115,115,116,116,116,116,116,115,117,115,115,127",6,2020-08-29T07:42:24.457998Z,0
2020-08-29T07:42:40.695003Z,2020-08-29,light,18289G,All,R1-7,2136,16,"0,216,416,115,117,114,116,116,115,117,116,115,116,116,116,115",6,2020-08-29T07:42:42.831002Z,0
2020-08-29T07:42:45.661999Z,2020-08-29,light,18289G,All,R1-9,464,5,"0,117,114,116,117",6,2020-08-29T07:42:46.125999Z,0
2020-08-29T07:42:48.117997Z,2020-08-29,light,18289G,All,R1-8,463,5,"0,117,115,116,115",6,2020-08-29T07:42:48.580997Z,0
2020-08-29T07:42:49.081997Z,2020-08-29,light,18289G,All,R1-4,1737,16,"0,116,117,114,116,116,116,116,116,115,117,114,117,115,116,116",6,2020-08-29T07:42:50.818997Z,0
2020-08-29T07:43:26.758004Z,2020-08-29,light,18289G,All,R1-2,548,4,"0,216,113,219",6,2020-08-29T07:43:27.306004Z,0
2020-08-29T07:43:29.167Z,2020-08-29,light,18289G,All,R1-2,216,2,"0,216",6,2020-08-29T07:43:29.383Z,0
2020-08-29T07:43:48.198Z,2020-08-29,light,18289G,All,R1-2,1159,11,"0,117,115,115,117,114,116,116,117,116,116",6,2020-08-29T07:43:49.357Z,0
2020-08-29T07:43:55.122001Z,2020-08-29,light,18289G,All,R1-3,216,2,"0,216",6,2020-08-29T07:43:55.338001Z,0
2020-08-29T07:43:57.972Z,2020-08-29,light,18289G,All,R1-2,3009,27,"0,116,114,116,117,114,117,116,115,115,116,116,116,115,117,116,115,116,116,116,116,114,117,116,116,115,116",6,2020-08-29T07:44:00.981Z,0
2020-08-29T07:47:02.526003Z,2020-08-29,light,18289G,All,R1-2,879,6,"0,215,116,315,116,117",6,2020-08-29T07:47:03.405003Z,0
2020-08-29T07:47:08.651002Z,2020-08-29,light,18289G,All,R1-4,215,2,"0,215",6,2020-08-29T07:47:08.866002Z,0
2020-08-29T07:47:16.918998Z,2020-08-29,light,18289G,All,R1-2,1158,11,"0,116,116,115,116,117,115,116,115,116,116",6,2020-08-29T07:47:18.076998Z,0
2020-08-29T07:47:20.036Z,2020-08-29,light,18289G,All,R1-3,809,8,"0,115,117,114,117,115,117,114",6,2020-08-29T07:47:20.845Z,0
2020-08-29T07:47:24.435997Z,2020-08-29,light,18289G,All,R1-7,1139,10,"0,214,115,116,115,116,117,115,116,115",6,2020-08-29T07:47:25.574997Z,0
2020-08-29T07:47:27.516002Z,2020-08-29,light,18289G,All,R1-9,349,4,"0,117,116,116",6,2020-08-29T07:47:27.865002Z,0
2020-08-29T07:48:07.862996Z,2020-08-29,light,18289G,All,R1-8,1352,12,"0,195,116,115,116,115,118,113,118,116,115,115",6,2020-08-29T07:48:09.214996Z,0
2020-08-29T07:48:10.278999Z,2020-08-29,light,18289G,All,R1-4,794,7,"0,217,115,115,160,71,116",6,2020-08-29T07:48:11.072999Z,0
2020-08-29T07:48:13.933996Z,2020-08-29,light,18289G,All,R1-6,231,3,"0,116,115",6,2020-08-29T07:48:14.164996Z,0
2020-08-29T07:48:22.959003Z,2020-08-29,light,18289G,All,R2-2,3341,29,"0,216,116,115,116,115,117,116,115,116,115,116,117,116,115,115,116,118,115,115,116,115,115,116,115,118,115,116,115",6,2020-08-29T07:48:26.300004Z,0
2020-08-29T07:48:52.627Z,2020-08-29,light,18289G,All,R2-4,979,6,"0,216,116,216,217,214",6,2020-08-29T07:48:53.606Z,0
2020-08-29T07:48:56.022002Z,2020-08-29,light,18289G,All,R2-4,3920,34,"0,216,116,115,116,115,116,118,115,115,116,116,115,116,115,116,117,116,115,115,116,115,118,115,116,115,116,116,115,115,118,115,116,115",6,2020-08-29T07:48:59.942002Z,0
2020-08-29T07:49:00.957999Z,2020-08-29,light,18289G,All,R2-4,2083,19,"0,116,115,117,116,114,117,115,116,117,115,115,115,117,115,116,117,115,115",6,2020-08-29T07:49:03.040999Z,0
2020-08-29T07:49:12.315003Z,2020-08-29,light,18289G,All,R2-4,1837,16,"0,216,115,115,117,116,115,117,116,114,117,116,114,118,115,116",6,2020-08-29T07:49:14.152003Z,0
2020-08-29T07:49:15.878001Z,2020-08-29,light,18289G,All,R2-2,216,2,"0,216",6,2020-08-29T07:49:16.094001Z,0
2020-08-29T07:49:23.247999Z,2020-08-29,light,18289G,All,R2-1,1504,14,"0,115,116,117,115,116,115,116,115,118,115,115,116,115",6,2020-08-29T07:49:24.751999Z,0
2020-08-29T07:49:27.768999Z,2020-08-29,light,18289G,All,R2-1,75,1,0,6,2020-08-29T07:49:27.843999Z,0
2020-08-29T07:49:40.356996Z,2020-08-29,light,18289G,All,R1-5,908,8,"0,115,116,115,115,117,115,215",6,2020-08-29T07:49:41.264996Z,0
2020-08-29T07:49:43.481003Z,2020-08-29,light,18289G,All,R1-5,233,3,"0,116,117",6,2020-08-29T07:49:43.714003Z,0
2020-08-29T07:49:50.830999Z,2020-08-29,light,18289G,All,R2-1,1505,14,"0,115,117,115,116,115,117,115,116,137,95,115,116,116",6,2020-08-29T07:49:52.335999Z,0
2020-08-29T07:49:59.797997Z,2020-08-29,light,18289G,All,R2-1,75,1,0,6,2020-08-29T07:49:59.872998Z,0
2020-08-29T07:50:00.816999Z,2020-08-29,light,18289G,All,R2-2,1953,17,"0,216,117,114,117,115,117,115,115,115,118,114,117,115,115,118,115",6,2020-08-29T07:50:02.770Z,0
2020-08-29T07:50:12.283998Z,2020-08-29,light,18289G,All,R2-2,75,1,0,6,2020-08-29T07:50:12.358999Z,0
2020-08-29T07:50:19.830002Z,2020-08-29,light,18289G,All,R1-6,3471,31,"0,115,116,139,93,115,116,115,116,116,116,115,116,115,117,115,117,115,116,115,116,115,118,116,116,114,117,115,117,114,115",6,2020-08-29T07:50:23.301002Z,0
2020-08-29T07:50:40.087001Z,2020-08-29,light,18289G,All,R1-8,795,7,"0,217,115,115,117,115,116",6,2020-08-29T07:50:40.882001Z,0
2020-08-29T07:50:42.006998Z,2020-08-29,light,18289G,All,R1-9,679,6,"0,216,116,115,117,115",6,2020-08-29T07:50:42.685998Z,0
2020-08-29T07:51:07.401998Z,2020-08-29,light,18289G,All,R1-7,1273,12,"0,116,115,116,116,115,116,115,118,115,115,116",6,2020-08-29T07:51:08.674998Z,0
2020-08-29T07:53:25.826998Z,2020-08-29,light,18289G,All,R1-7,331,3,"0,215,116",6,2020-08-29T07:53:26.157998Z,0
2020-08-29T07:53:30.439004Z,2020-08-29,light,18289G,All,R1-5,677,6,"0,216,115,115,116,115",6,2020-08-29T07:53:31.116004Z,0
2020-08-29T07:53:31.943002Z,2020-08-29,light,18289G,All,R1-6,5310,46,"0,116,116,116,116,117,114,117,116,116,121,110,114,117,115,116,116,116,116,115,216,116,115,116,117,116,114,115,116,117,115,116,117,115,115,117,114,118,114,116,116,116,117,115,139,92",6,2020-08-29T07:53:37.253002Z,0
2020-08-29T07:53:40.368998Z,2020-08-29,light,18289G,All,R1-6,1621,15,"0,115,117,115,116,115,117,114,118,115,116,115,117,115,116",6,2020-08-29T07:53:41.989998Z,0
2020-08-29T07:53:45.995997Z,2020-08-29,light,18289G,All,R1-4,1852,17,"0,116,116,115,116,116,115,116,117,114,161,71,117,115,116,115,116",6,2020-08-29T07:53:47.847997Z,0
2020-08-29T07:53:48.690001Z,2020-08-29,light,18289G,All,R1-2,579,6,"0,116,117,114,116,116",6,2020-08-29T07:53:49.269001Z,0
2020-08-29T07:53:51.051002Z,2020-08-29,light,18289G,All,R1-3,577,6,"0,115,115,117,115,115",6,2020-08-29T07:53:51.628002Z,0
2020-08-29T07:54:58.632002Z,2020-08-29,light,18289G,All,R1-7,1379,6,"0,516,117,215,416,115",6,2020-08-29T07:55:00.011002Z,0
2020-08-29T07:55:04.103999Z,2020-08-29,light,18289G,All,R1-3,348,4,"0,117,114,117",6,2020-08-29T07:55:04.451999Z,0
2020-08-29T07:58:26.660003Z,2020-08-29,light,18289G,All,R1-3,1273,12,"0,115,117,124,108,115,116,116,116,115,114,117",6,2020-08-29T07:58:27.933003Z,0
2020-08-29T07:58:35.435997Z,2020-08-29,light,18289G,All,R1-7,348,4,"0,116,116,116",6,2020-08-29T07:58:35.783997Z,0
2020-08-29T07:58:37.343Z,2020-08-29,light,18289G,All,R1-5,230,3,"0,115,115",6,2020-08-29T07:58:37.573Z,0
2020-08-29T07:58:38.169002Z,2020-08-29,light,18289G,All,R1-6,925,9,"0,116,116,115,116,116,116,116,114",6,2020-08-29T07:58:39.094002Z,0
2020-08-29T07:58:47.234997Z,2020-08-29,light,18289G,All,R1-4,232,3,"0,117,115",6,2020-08-29T07:58:47.466997Z,0
2020-08-29T07:58:51.218996Z,2020-08-29,light,18289G,All,R1-8,694,7,"0,116,116,116,114,116,116",6,2020-08-29T07:58:51.912996Z,0
2020-08-29T07:59:41.829999Z,2020-08-29,light,18289G,All,R1-9,578,6,"0,115,115,116,116,116",6,2020-08-29T07:59:42.408Z,0
2020-08-29T07:59:48.386999Z,2020-08-29,light,18289G,All,R1-7,925,9,"0,115,115,116,116,116,116,116,115",6,2020-08-29T07:59:49.311999Z,0
2020-08-29T07:59:58.927003Z,2020-08-29,light,18289G,All,R1-7,679,6,"0,216,116,115,116,116",6,2020-08-29T07:59:59.606003Z,0
2020-08-29T08:00:00.850Z,2020-08-29,light,18289G,All,R1-5,230,3,"0,115,115",6,2020-08-29T08:00:01.080Z,0
2020-08-29T08:00:07.424004Z,2020-08-29,light,18289G,All,R2-2,1274,12,"0,116,116,116,116,116,114,116,116,116,116,116",6,2020-08-29T08:00:08.698004Z,0
2020-08-29T08:02:08.471Z,2020-08-29,light,18289G,All,R2-4,230,3,"0,114,116",6,2020-08-29T08:02:08.701Z,0
2020-08-29T08:02:13.530998Z,2020-08-29,light,18289G,All,R2-4,689,7,"0,120,110,120,110,120,109",6,2020-08-29T08:02:14.219998Z,0
2020-08-29T08:02:15.690998Z,2020-08-29,light,18289G,All,R2-8,676,7,"0,107,106,117,115,115,116",6,2020-08-29T08:02:16.366998Z,0
2020-08-29T08:02:25.005999Z,2020-08-29,light,18289G,All,R2-9,547,4,"0,314,118,115",6,2020-08-29T08:02:25.552999Z,0
2020-08-29T08:03:09.824996Z,2020-08-29,light,18289G,All,R2-7,75,1,0,6,2020-08-29T08:03:09.899996Z,0
2020-08-29T08:03:27.327001Z,2020-08-29,light,18289G,All,R2-7,1456,11,"0,213,118,114,215,117,117,116,115,217,114",6,2020-08-29T08:03:28.783001Z,0
2020-08-29T08:06:34.380997Z,2020-08-29,light,18289G,All,R2-7,216,2,"0,216",6,2020-08-29T08:06:34.596997Z,0
2020-08-29T08:06:36.312996Z,2020-08-29,light,18289G,All,R2-7,75,1,0,6,2020-08-29T08:06:36.387996Z,0
2020-08-29T08:06:37.428998Z,2020-08-29,light,18289G,All,R2-7,75,1,0,6,2020-08-29T08:06:37.503998Z,0
2020-08-29T08:07:12.059Z,2020-08-29,light,18289G,All,R2-9,462,5,"0,115,116,116,115",6,2020-08-29T08:07:12.521Z,0
2020-08-29T08:07:17.669997Z,2020-08-29,light,18289G,All,R2-8,216,2,"0,216",6,2020-08-29T08:07:17.885997Z,0
2020-08-29T08:07:24.936997Z,2020-08-29,light,18289G,All,R2-9,214,2,"0,214",6,2020-08-29T08:07:25.150997Z,0
2020-08-29T08:07:37.502004Z,2020-08-29,light,18289G,All,R2-8,75,1,0,6,2020-08-29T08:07:37.577004Z,0
2020-08-29T08:07:40.317001Z,2020-08-29,light,18289G,All,R2-8,463,5,"0,115,117,115,116",6,2020-08-29T08:07:40.780001Z,0
2020-08-29T08:08:01.613996Z,2020-08-29,light,18289G,All,R2-4,216,2,"0,216",6,2020-08-29T08:08:01.829996Z,0
2020-08-29T08:08:02.844004Z,2020-08-29,light,18289G,All,R2-4,75,1,0,6,2020-08-29T08:08:02.919004Z,0
2020-08-29T08:08:07.394001Z,2020-08-29,light,18289G,All,R2-8,233,3,"0,116,117",6,2020-08-29T08:08:07.627001Z,0
2020-08-29T08:08:09.687998Z,2020-08-29,light,18289G,All,R2-9,461,5,"0,114,117,116,114",6,2020-08-29T08:08:10.148998Z,0
2020-08-29T08:08:48.065003Z,2020-08-29,light,18289G,All,R2-9,579,6,"0,115,117,115,115,117",6,2020-08-29T08:08:48.644003Z,0
2020-08-29T08:08:49.140Z,2020-08-29,light,18289G,All,R2-8,348,4,"0,117,114,117",6,2020-08-29T08:08:49.488Z,0
2020-08-29T08:08:50.167996Z,2020-08-29,light,18289G,All,R2-4,75,1,0,6,2020-08-29T08:08:50.242996Z,0
2020-08-29T08:08:52.268001Z,2020-08-29,light,18289G,All,R2-6,230,3,"0,120,110",6,2020-08-29T08:08:52.498001Z,0
2020-08-29T08:08:55.158003Z,2020-08-29,light,18289G,All,R2-5,1280,12,"0,120,120,110,120,110,120,120,110,120,110,120",6,2020-08-29T08:08:56.438003Z,0
2020-08-29T08:10:28.648005Z,2020-08-29,light,18289G,All,R2-3,577,6,"0,115,115,116,115,116",6,2020-08-29T08:10:29.225004Z,0
2020-08-29T08:10:59.041001Z,2020-08-29,light,18289G,All,R2-3,577,6,"0,116,115,115,116,115",6,2020-08-29T08:10:59.618001Z,0
2020-08-29T08:13:45.507Z,2020-08-29,light,18289G,All,R2-7,2523,22,"0,219,120,120,100,112,115,116,116,117,115,116,116,139,92,115,116,116,115,117,116,115",6,2020-08-29T08:13:48.030Z,0
2020-08-29T08:14:09.681003Z,2020-08-29,light,18289G,All,R2-7,1854,17,"0,117,115,117,115,117,114,116,116,115,117,115,117,115,115,116,117",6,2020-08-29T08:14:11.535003Z,0
2020-08-29T08:29:14.135998Z,2020-08-29,light,18289G,All,R2-7,664,5,"0,217,215,117,115",6,2020-08-29T08:29:14.799998Z,0
2020-08-29T08:29:16.216Z,2020-08-29,light,18289G,All,R2-7,75,1,0,6,2020-08-29T08:29:16.291Z,0
2020-08-29T08:29:17.532001Z,2020-08-29,light,18289G,All,R2-7,75,1,0,6,2020-08-29T08:29:17.607001Z,0
2020-08-29T08:30:34.482001Z,2020-08-29,light,18289G,All,R2-7,5476,44,"0,214,117,116,115,116,117,114,116,115,117,115,117,114,117,117,114,116,215,217,116,115,115,117,115,116,116,117,114,123,108,116,117,114,117,116,114,118,114,117,115,117,114,316",6,2020-08-29T08:30:39.958001Z,0
2020-08-29T08:30:41.774999Z,2020-08-29,light,18289G,All,R2-7,315,2,"0,315",6,2020-08-29T08:30:42.089999Z,0
2020-08-29T08:30:43.404995Z,2020-08-29,light,18289G,All,R2-7,75,1,0,6,2020-08-29T08:30:43.479995Z,0
2020-08-29T08:30:44.523003Z,2020-08-29,light,18289G,All,R2-7,1693,7,"0,214,115,117,115,916,216",6,2020-08-29T08:30:46.216003Z,0
2020-08-29T08:30:47.331003Z,2020-08-29,light,18289G,All,R2-7,1895,7,"0,216,117,214,117,915,316",6,2020-08-29T08:30:49.226003Z,0
2020-08-29T08:30:51.741999Z,2020-08-29,light,18289G,All,R2-7,416,2,"0,416",6,2020-08-29T08:30:52.157999Z,0
2020-08-29T08:30:54.572999Z,2020-08-29,light,18289G,All,R2-7,1133,3,"0,616,517",6,2020-08-29T08:30:55.705999Z,0
2020-08-29T08:30:56.820997Z,2020-08-29,light,18289G,All,R2-7,2941,10,"0,415,817,114,118,216,214,817,116,114",6,2020-08-29T08:30:59.761997Z,0
2020-08-29T08:31:00.777003Z,2020-08-29,light,18289G,All,R2-7,317,2,"0,317",6,2020-08-29T08:31:01.094003Z,0
2020-08-29T08:31:02.409003Z,2020-08-29,light,18289G,All,R2-7,75,1,0,6,2020-08-29T08:31:02.484003Z,0
2020-08-29T08:31:08.619998Z,2020-08-29,light,18289G,All,R2-7,447,4,"0,216,115,116",6,2020-08-29T08:31:09.066998Z,0
2020-08-29T09:12:58.515002Z,2020-08-29,light,18289G,All,R2-7,3920,34,"0,216,116,117,115,115,117,115,115,117,115,117,115,116,114,116,117,116,116,115,116,116,116,115,116,116,116,115,116,116,116,116,116,114",6,2020-08-29T09:13:02.435002Z,0
2020-08-29T09:13:04.108995Z,2020-08-29,light,18289G,All,R2-9,810,8,"0,116,115,115,116,117,115,116",6,2020-08-29T09:13:04.918995Z,0
2020-08-29T09:13:19.335Z,2020-08-29,light,18289G,All,R2-8,1373,12,"0,215,115,118,115,115,116,115,115,118,115,116",6,2020-08-29T09:13:20.708Z,0
2020-08-29T09:13:22.302001Z,2020-08-29,light,18289G,All,R2-4,75,1,0,6,2020-08-29T09:13:22.377002Z,0
2020-08-29T09:13:25.218002Z,2020-08-29,light,18289G,All,R2-4,2761,24,"0,216,135,95,115,117,115,116,116,116,115,116,116,116,117,114,116,116,117,114,117,115,115,116",6,2020-08-29T09:13:27.979002Z,0
2020-08-29T09:19:35.407001Z,2020-08-29,light,18289G,All,R2-4,3856,30,"0,615,116,116,116,116,116,116,115,116,116,115,116,116,116,115,116,117,115,116,116,114,117,116,115,115,117,115,116,115",6,2020-08-29T09:19:39.263001Z,0
2020-08-29T09:19:41.143003Z,2020-08-29,light,18289G,All,R2-8,1157,11,"0,116,116,116,114,116,116,117,116,114,116",6,2020-08-29T09:19:42.300003Z,0
2020-08-29T09:19:47.631002Z,2020-08-29,light,18289G,All,R2-9,811,8,"0,117,114,116,116,115,117,116",6,2020-08-29T09:19:48.442003Z,0
2020-08-29T09:19:55.757001Z,2020-08-29,light,18289G,All,R2-7,1257,11,"0,216,114,117,116,115,115,117,115,117,115",6,2020-08-29T09:19:57.014001Z,0
2020-08-29T09:20:04.082996Z,2020-08-29,light,18289G,All,R2-3,1157,11,"0,115,117,116,114,116,117,116,114,116,116",6,2020-08-29T09:20:05.239996Z,0
2020-08-29T09:20:07.388999Z,2020-08-29,light,18289G,All,R2-1,232,3,"0,116,116",6,2020-08-29T09:20:07.620999Z,0
2020-08-29T09:20:08.597Z,2020-08-29,light,18289G,All,R2-2,1969,18,"0,118,115,115,116,115,118,115,115,117,115,115,117,116,115,115,115,117",6,2020-08-29T09:20:10.566Z,0
2020-08-29T09:20:34.382Z,2020-08-29,light,18289G,All,R2-2,115,2,"0,115",6,2020-08-29T09:20:34.497Z,0
2020-08-29T09:20:39.768003Z,2020-08-29,light,18289G,All,R1-6,694,7,"0,114,117,115,117,115,116",6,2020-08-29T09:20:40.462003Z,0
2020-08-29T10:21:15.826001Z,2020-08-29,light,18289G,All,R1-6,2532,22,"0,217,114,117,116,115,117,114,117,116,115,116,115,117,114,117,115,121,112,114,116,117",6,2020-08-29T10:21:18.358001Z,0
2020-08-29T10:21:19.430004Z,2020-08-29,light,18289G,All,R1-5,462,5,"0,114,117,116,115",6,2020-08-29T10:21:19.892004Z,0
2020-08-29T10:21:21.899999Z,2020-08-29,light,18289G,All,R1-7,925,9,"0,115,116,115,116,117,114,117,115",6,2020-08-29T10:21:22.824999Z,0
2020-08-29T10:21:25.108004Z,2020-08-29,light,18289G,All,R1-9,578,6,"0,116,115,117,116,114",6,2020-08-29T10:21:25.686004Z,0
2020-08-29T10:21:27.210004Z,2020-08-29,light,18289G,All,R1-8,693,7,"0,115,116,117,114,117,114",6,2020-08-29T10:21:27.903004Z,0
2020-08-29T10:21:29.052Z,2020-08-29,light,18289G,All,R1-4,1375,12,"0,217,115,116,116,117,114,117,115,117,114,117",6,2020-08-29T10:21:30.427Z,0
2020-08-29T10:26:09.899001Z,2020-08-29,light,18289G,All,R1-2,1142,10,"0,216,114,117,115,116,117,115,115,117",6,2020-08-29T10:26:11.041001Z,0
2020-08-29T10:26:23.967004Z,2020-08-29,light,18289G,All,R1-4,1505,14,"0,116,115,115,118,114,117,116,114,117,115,116,117,115",6,2020-08-29T10:26:25.472004Z,0
2020-08-29T10:26:27.254999Z,2020-08-29,light,18289G,All,R1-8,811,8,"0,117,114,117,116,114,117,116",6,2020-08-29T10:26:28.065999Z,0
2020-08-29T10:26:29.320002Z,2020-08-29,light,18289G,All,R1-9,232,3,"0,117,115",6,2020-08-29T10:26:29.552002Z,0
2020-08-29T10:27:02.965Z,2020-08-29,light,18289G,All,R1-9,1622,15,"0,117,116,118,113,115,117,116,115,117,114,117,116,115,116",6,2020-08-29T10:27:04.587Z,0
2020-08-29T10:27:08.602004Z,2020-08-29,light,18289G,All,R1-9,348,4,"0,117,114,117",6,2020-08-29T10:27:08.950004Z,0
2020-08-29T10:27:12.690003Z,2020-08-29,light,18289G,All,R1-7,1504,14,"0,115,115,116,116,115,116,116,117,115,116,115,116,116",6,2020-08-29T10:27:14.194003Z,0
2020-08-29T10:27:17.273005Z,2020-08-29,light,18289G,All,R1-5,232,3,"0,117,115",6,2020-08-29T10:27:17.505005Z,0
2020-08-29T10:27:25.242999Z,2020-08-29,light,18289G,All,R1-6,2084,19,"0,117,115,116,116,115,117,114,117,115,116,135,96,117,116,114,117,114,117",6,2020-08-29T10:27:27.326999Z,0
2020-08-29T10:39:05.459002Z,2020-08-29,light,18289G,All,R1-8,1694,7,"0,216,216,216,214,616,216",6,2020-08-29T10:39:07.153003Z,0
2020-08-29T10:45:40.515996Z,2020-08-29,light,18289G,All,R1-4,4967,37,"0,216,816,117,115,116,116,114,116,116,116,116,116,117,113,117,116,116,116,116,114,117,115,116,116,115,117,114,116,117,115,117,115,116,116,116,114",6,2020-08-29T10:45:45.482996Z,0
2020-08-29T10:46:08.976Z,2020-08-29,light,18289G,All,R1-2,797,7,"0,217,116,116,115,115,118",6,2020-08-29T10:46:09.773Z,0
2020-08-29T10:46:28.148998Z,2020-08-29,light,18289G,All,R1-2,1603,14,"0,215,116,115,117,116,114,118,114,115,116,117,115,115",6,2020-08-29T10:46:29.751998Z,0
2020-08-29T10:47:16.531002Z,2020-08-29,light,18289G,All,R1-4,925,9,"0,116,116,114,116,116,117,116,114",6,2020-08-29T10:47:17.456002Z,0
2020-08-29T10:47:19.189003Z,2020-08-29,light,18289G,All,R1-8,1821,15,"0,216,116,214,116,116,116,116,116,116,115,115,117,116,116",6,2020-08-29T10:47:21.010003Z,0
2020-08-29T10:47:23.604Z,2020-08-29,light,18289G,All,R1-9,349,4,"0,116,116,117",6,2020-08-29T10:47:23.953Z,0
2020-08-29T10:47:25.758998Z,2020-08-29,light,18289G,All,R1-7,578,6,"0,114,116,118,114,116",6,2020-08-29T10:47:26.336998Z,0
2020-08-29T10:47:28.289999Z,2020-08-29,light,18289G,All,R1-5,347,4,"0,115,115,117",6,2020-08-29T10:47:28.636999Z,0
2020-08-29T10:47:33.390001Z,2020-08-29,light,18289G,All,R2-2,927,9,"0,118,114,116,117,115,115,116,116",6,2020-08-29T10:47:34.317001Z,0
2020-08-29T10:49:06.340996Z,2020-08-29,light,18289G,All,R2-4,75,1,0,6,2020-08-29T10:49:06.415996Z,0
2020-08-29T10:50:07.314996Z,2020-08-29,light,18289G,All,R2-2,1026,9,"0,217,116,116,115,116,116,115,115",6,2020-08-29T10:50:08.340996Z,0
2020-08-29T10:51:00.698999Z,2020-08-29,light,18289G,All,R2-4,863,5,"0,215,316,116,216",6,2020-08-29T10:51:01.561999Z,0
2020-08-29T10:51:02.677999Z,2020-08-29,light,18289G,All,R2-4,1258,11,"0,216,115,116,116,115,116,114,117,116,117",6,2020-08-29T10:51:03.935999Z,0
2020-08-29T10:51:18.586995Z,2020-08-29,light,18289G,All,R2-8,926,9,"0,115,116,116,115,116,117,115,116",6,2020-08-29T10:51:19.512995Z,0
2020-08-29T10:51:25.925Z,2020-08-29,light,18289G,All,R2-9,564,5,"0,216,116,115,117",6,2020-08-29T10:51:26.489Z,0
2020-08-29T10:51:50.666002Z,2020-08-29,light,18289G,All,R2-9,1388,13,"0,116,115,116,117,115,115,117,115,115,117,116,114",6,2020-08-29T10:51:52.054002Z,0
2020-08-29T10:51:52.915003Z,2020-08-29,light,18289G,All,R2-8,810,8,"0,116,116,115,117,115,116,115",6,2020-08-29T10:51:53.725003Z,0
2020-08-29T10:51:56.371997Z,2020-08-29,light,18289G,All,R2-4,811,8,"0,116,116,116,115,117,115,116",6,2020-08-29T10:51:57.182997Z,0
2020-08-29T10:55:55.063004Z,2020-08-29,light,18289G,All,R2-4,1852,17,"0,116,116,116,114,116,116,115,118,114,117,116,115,115,116,117,115",6,2020-08-29T10:55:56.915004Z,0
2020-08-29T10:55:59.501Z,2020-08-29,light,18289G,All,R2-8,2547,23,"0,147,85,116,115,115,117,116,116,116,115,115,117,116,116,116,115,116,116,114,116,117,115",6,2020-08-29T10:56:02.048Z,0
2020-08-29T10:56:25.090003Z,2020-08-29,light,18289G,All,R2-9,232,3,"0,116,116",6,2020-08-29T10:56:25.322003Z,0
2020-08-29T10:56:37.356003Z,2020-08-29,light,18289G,All,R2-7,1620,15,"0,115,116,117,114,128,103,117,116,116,115,117,116,114,116",6,2020-08-29T10:56:38.976003Z,0
2020-08-29T10:56:44.047Z,2020-08-29,light,18289G,All,R2-3,1389,13,"0,116,116,114,117,116,115,116,116,117,114,116,116",6,2020-08-29T10:56:45.436Z,0
2020-08-29T10:56:51.588001Z,2020-08-29,light,18289G,All,R2-1,694,7,"0,115,117,116,114,117,115",6,2020-08-29T10:56:52.282001Z,0
2020-08-29T10:56:53.408Z,2020-08-29,light,18289G,All,R2-2,1159,11,"0,117,116,116,115,117,116,114,117,115,116",6,2020-08-29T10:56:54.567Z,0
2020-08-29T10:57:01.107Z,2020-08-29,light,18289G,All,R2-4,346,4,"0,115,115,116",6,2020-08-29T10:57:01.453Z,0
2020-08-29T10:57:02.546001Z,2020-08-29,light,18289G,All,R2-8,809,8,"0,115,116,116,114,117,115,116",6,2020-08-29T10:57:03.355001Z,0
2020-08-29T10:57:04.590Z,2020-08-29,light,18289G,All,R2-9,546,4,"0,214,117,215",6,2020-08-29T10:57:05.136Z,0
2020-08-29T10:57:06.066999Z,2020-08-29,light,18289G,All,R2-9,563,5,"0,217,114,116,116",6,2020-08-29T10:57:06.629999Z,0
2020-08-29T10:57:07.947003Z,2020-08-29,light,18289G,All,R2-9,230,3,"0,115,115",6,2020-08-29T10:57:08.177003Z,0
2020-08-29T10:57:29.070999Z,2020-08-29,light,18289G,All,R2-9,580,6,"0,116,115,118,115,116",6,2020-08-29T10:57:29.650999Z,0
2020-08-29T10:57:30.253997Z,2020-08-29,light,18289G,All,R2-8,231,3,"0,115,116",6,2020-08-29T10:57:30.484997Z,0
2020-08-29T10:57:32.606004Z,2020-08-29,light,18289G,All,R2-6,75,1,0,6,2020-08-29T10:57:32.681004Z,0
2020-08-29T10:57:40.012998Z,2020-08-29,light,18289G,All,R3-1,693,7,"0,114,116,116,117,116,114",6,2020-08-29T10:57:40.705998Z,0
2020-08-29T10:57:51.031996Z,2020-08-29,light,18289G,All,R3-1,349,4,"0,116,117,116",6,2020-08-29T10:57:51.380996Z,0
2020-08-29T10:57:52.340999Z,2020-08-29,light,18289G,All,R3-2,695,7,"0,116,115,116,116,116,116",6,2020-08-29T10:57:53.035999Z,0
2020-08-29T11:06:27.725Z,2020-08-29,light,18289G,All,R3-4,2442,10,"0,217,115,516,216,114,317,417,115,415",6,2020-08-29T11:06:30.167Z,0
2020-08-29T11:06:33.042004Z,2020-08-29,light,18289G,All,R3-2,580,6,"0,116,115,117,115,117",6,2020-08-29T11:06:33.622004Z,0
2020-08-29T11:06:35.371003Z,2020-08-29,light,18289G,All,R3-1,463,5,"0,116,115,116,116",6,2020-08-29T11:06:35.834003Z,0
2020-08-29T11:06:40.668999Z,2020-08-29,light,18289G,All,R3-3,2662,24,"0,116,115,116,116,115,117,115,117,114,117,114,117,115,117,115,115,117,115,116,117,115,115,116",6,2020-08-29T11:06:43.330999Z,0
2020-08-29T11:07:11.745997Z,2020-08-29,light,18289G,All,R3-7,1673,12,"0,216,115,117,116,414,117,116,114,117,116,115",6,2020-08-29T11:07:13.418998Z,0
2020-08-29T11:07:15.435002Z,2020-08-29,light,18289G,All,R3-7,2868,18,"0,217,114,116,115,116,118,115,115,115,117,116,115,116,115,116,118,914",6,2020-08-29T11:07:18.303002Z,0
2020-08-29T11:07:58.817004Z,2020-08-29,light,18289G,All,R3-7,4235,35,"0,216,216,216,116,114,117,116,115,116,115,116,115,118,114,116,117,115,117,113,117,116,116,116,116,116,114,117,116,115,115,117,116,115,115",6,2020-08-29T11:08:03.052004Z,0
2020-08-29T11:08:06.342996Z,2020-08-29,light,18289G,All,R3-3,75,1,0,6,2020-08-29T11:08:06.417996Z,0
2020-08-29T11:09:00.277003Z,2020-08-29,light,18289G,All,R3-7,1031,3,"0,716,315",6,2020-08-29T11:09:01.308003Z,0
2020-08-29T11:10:47.481001Z,2020-08-29,light,18289G,All,R3-6,3241,29,"0,117,115,114,117,115,117,115,116,115,117,115,117,115,117,116,115,115,117,114,117,115,117,115,114,117,115,117,115",6,2020-08-29T11:10:50.722001Z,0
2020-08-29T11:11:00.424999Z,2020-08-29,light,18289G,All,R3-4,5079,44,"0,217,116,114,117,116,116,115,116,117,114,116,117,116,115,115,115,118,115,115,115,118,115,116,115,116,146,85,116,116,117,114,117,115,116,116,116,116,114,116,115,118,115,116",6,2020-08-29T11:11:05.503999Z,0
2020-08-29T11:11:41.980004Z,2020-08-29,light,18289G,All,R3-2,232,3,"0,115,117",6,2020-08-29T11:11:42.212004Z,0
2020-08-29T11:11:47.726002Z,2020-08-29,light,18289G,All,R2-6,925,9,"0,115,116,116,117,114,116,116,115",6,2020-08-29T11:11:48.651002Z,0
2020-08-29T11:11:54.184998Z,2020-08-29,light,18289G,All,R2-8,1357,11,"0,116,116,115,116,117,114,117,115,116,315",6,2020-08-29T11:11:55.541998Z,0
2020-08-29T11:12:03.610003Z,2020-08-29,light,18289G,All,R2-9,348,4,"0,116,115,117",6,2020-08-29T11:12:03.958003Z,0
2020-08-29T11:18:02.889999Z,2020-08-29,light,18289G,All,R2-7,215,2,"0,215",6,2020-08-29T11:18:03.104999Z,0
2020-08-29T11:19:18.635004Z,2020-08-29,light,18289G,All,R2-7,1373,12,"0,215,117,114,116,117,114,117,116,114,117,116",6,2020-08-29T11:19:20.008004Z,0
2020-08-29T11:19:29.622Z,2020-08-29,light,18289G,All,R2-7,1707,14,"0,217,116,115,117,115,115,116,116,116,115,117,115,217",6,2020-08-29T11:19:31.329Z,0
2020-08-29T11:19:33.029996Z,2020-08-29,light,18289G,All,R2-9,577,6,"0,115,116,115,117,114",6,2020-08-29T11:19:33.606996Z,0
2020-08-29T11:19:36.478004Z,2020-08-29,light,18289G,All,R2-8,926,9,"0,116,117,115,115,117,116,116,114",6,2020-08-29T11:19:37.404004Z,0
2020-08-29T11:19:38.730003Z,2020-08-29,light,18289G,All,R2-4,1851,17,"0,117,114,116,117,114,116,117,114,116,117,116,114,116,117,116,114",6,2020-08-29T11:19:40.581003Z,0
2020-08-29T11:21:32.569001Z,2020-08-29,light,18289G,All,R2-2,463,5,"0,117,120,111,115",6,2020-08-29T11:21:33.032001Z,0
2020-08-29T11:21:35.077997Z,2020-08-29,light,18289G,All,R2-1,465,5,"0,116,118,115,116",6,2020-08-29T11:21:35.542997Z,0
2020-08-29T11:21:51.836997Z,2020-08-29,light,18289G,All,R2-3,2546,23,"0,115,116,116,114,117,115,117,115,115,117,115,117,115,115,117,115,115,116,117,115,117,115",6,2020-08-29T11:21:54.382997Z,0
2020-08-29T11:21:56.600997Z,2020-08-29,light,18289G,All,R2-5,75,1,0,6,2020-08-29T11:21:56.675997Z,0
2020-08-29T11:21:57.521002Z,2020-08-29,light,18289G,All,R2-6,578,6,"0,115,116,115,116,116",6,2020-08-29T11:21:58.099002Z,0
2020-08-29T11:57:45.279996Z,2020-08-29,light,18289G,All,R2-4,2548,23,"0,118,115,117,114,117,114,117,116,114,117,117,114,116,115,117,116,115,115,118,115,115,116",6,2020-08-29T11:57:47.827996Z,0
